layout_spectrum: 0.2798066
typography_spectrum: 0.3657357
color:
  saturation: 0.04709812
  lightness: 0.787687
  brandStrength: 0.2963172
  rhythmicContrast: 0.92765
name: PicTale Photo
