layout_spectrum: 0.3215583
color:
  saturation: 0.04709812
  lightness: 0.787687
  brandStrength: 0.2963172
  rhythmicContrast: 0.92765
typography_spectrum: 0.3657357
name: PicTale Photo
